lastAccountName: MMEYERS98
timestamps:
  login: 1569274290629
  logout: 1569275220540
  lastteleport: 1569272370543
ipAddress: 199.168.72.235
logoutlocation:
  world: world
  x: 652.0732731560898
  y: 100.0
  z: 521.3313917037225
  yaw: -73.54092
  pitch: 30.449974
lastlocation:
  world: world
  x: 669.626734170523
  y: 14.0
  z: 554.5877500427924
  yaw: 92.05768
  pitch: 34.500088
