lastAccountName: H0stileP0tat0
timestamps:
  login: 1569297620442
  logout: 1569297745568
ipAddress: 128.211.185.213
logoutlocation:
  world: world
  x: -288.69999998807907
  y: 62.0
  z: -78.69999998807907
  yaw: 318.04233
  pitch: 19.949858
