lastAccountName: JustTouchEm
timestamps:
  login: 1569443589950
  logout: 1569445505651
ipAddress: 199.168.72.235
logoutlocation:
  world: world
  x: -1095.7518705330915
  y: 64.0
  z: -221.8249240327506
  yaw: 114.723045
  pitch: 5.8510375
