lastAccountName: TheRealBobertoes
timestamps:
  login: 1569282267724
  logout: 1569282310296
ipAddress: 128.211.185.213
logoutlocation:
  world: world
  x: -514.9446539334822
  y: 70.0
  z: 118.15226397084817
  yaw: 76.920296
  pitch: 18.777115
