lastAccountName: XxSmitty7xX
timestamps:
  login: 1569294063004
  logout: 1569294240378
ipAddress: 73.103.89.66
logoutlocation:
  world: world
  x: -394.4718689297782
  y: 70.0
  z: -64.71038495320121
  yaw: 180.24265
  pitch: 21.750015
