lastAccountName: Bunsacks
timestamps:
  login: 1569289795338
  logout: 1569292457426
ipAddress: 162.221.223.169
logoutlocation:
  world: world
  x: -1099.300000011921
  y: 66.9375
  z: -1002.5491361941934
  yaw: 101.70117
  pitch: 34.499935
