lastAccountName: dkeric
timestamps:
  login: 1569642002638
  logout: 1569643560039
  lastteleport: 1569643441650
ipAddress: 208.38.248.69
logoutlocation:
  world: world
  x: -20.867032813506675
  y: 34.0
  z: 77.89263478963464
  yaw: -312.62408
  pitch: 33.299953
lastlocation:
  world: world
  x: -198.08702854083705
  y: 22.0
  z: 126.1587490884387
  yaw: -352.07776
  pitch: 14.3999815
