lastAccountName: dkeric
timestamps:
  login: 1569596376548
  logout: 1569598117330
  lastteleport: 1569598098151
ipAddress: 69.174.137.97
logoutlocation:
  world: world
  x: -60.700000025331974
  y: 69.0000002
  z: 70.29999997466803
  yaw: -311.57404
  pitch: 0.0
lastlocation:
  world: world
  x: -402.86392295855694
  y: 71.0
  z: -90.74502623876
  yaw: 134.9773
  pitch: 43.649998
