lastAccountName: fluffy_unicorn56
timestamps:
  login: 1569617317385
  kits:
    tools: 1569618274420
  lastteleport: 1569618746113
  logout: 1569618966907
ipAddress: 69.174.131.226
lastlocation:
  world: world
  x: -696.0421753451742
  y: 81.0
  z: 666.8253832558124
  yaw: 117.86036
  pitch: 7.262721
homes:
  home:
    world: world
    x: 677.3918538418712
    y: 79.0
    z: 543.8459552042813
    yaw: -236.32251
    pitch: -15.272689
logoutlocation:
  world: world
  x: -706.1096415824024
  y: 80.0
  z: 666.3359724442439
  yaw: 223.07294
  pitch: 14.770795
nickname: SuperAthelete
