lastAccountName: mxwjung
timestamps:
  login: 1569273311230
  logout: 1569273578716
ipAddress: 128.211.185.212
logoutlocation:
  world: world
  x: -282.99699818625675
  y: 68.0
  z: 200.9447009193776
  yaw: -39.276527
  pitch: 31.499968
