lastAccountName: ctstahly1
timestamps:
  login: 1569442709725
  logout: 1569446198140
  lastteleport: 1569382369370
ipAddress: 199.168.72.235
logoutlocation:
  world: world
  x: -4490.373552396293
  y: 70.0
  z: 13.815477829659802
  yaw: 13.519315
  pitch: 12.599857
lastlocation:
  world: world
  x: -207.18468690737797
  y: 91.0
  z: -272.8677236378779
  yaw: -4.802375
  pitch: 19.65059
