lastAccountName: nhcraig01
timestamps:
  login: 1569562000845
  logout: 1569562014180
ipAddress: 173.230.7.48
lastlocation:
  world: world
  x: -404.07350572020863
  y: 68.0
  z: 599.3000000119209
  yaw: -116.10205
  pitch: 72.900246
logoutlocation:
  world: world
  x: -459.6653422686785
  y: 109.0
  z: 622.9333886446883
  yaw: -247.2023
  pitch: 23.1012
