lastAccountName: Beastbowicz
timestamps:
  login: 1569543998132
  logout: 1569545828915
ipAddress: 69.174.137.97
logoutlocation:
  world: world
  x: 52.05421691489076
  y: 62.0
  z: -249.30294109920618
  yaw: 337.97302
  pitch: 8.098228
