lastAccountName: HotMudd
timestamps:
  login: 1569535762105
  logout: 1569544239322
  lastteleport: 1569540506972
ipAddress: 184.170.167.161
logoutlocation:
  world: world
  x: -763.1445670989003
  y: 194.0
  z: -527.7410058005485
  yaw: -94.25293
  pitch: 3.1499562
lastlocation:
  world: world
  x: -54.53479570876357
  y: 71.80868704277303
  z: 89.35036379382404
  yaw: -185.91444
  pitch: 66.900734
