lastAccountName: HotMudd
timestamps:
  login: 1569627593541
  logout: 1569628357589
  lastteleport: 1569626462543
ipAddress: 184.170.167.161
logoutlocation:
  world: world
  x: -8353.300000011921
  y: 43.0
  z: -8229.345767811234
  yaw: 301.4334
  pitch: 64.78101
lastlocation:
  world: world
  x: -1132.2766114672993
  y: 69.0
  z: -988.3539867307477
  yaw: 301.2039
  pitch: 27.299955
