lastAccountName: noghristealth
timestamps:
  login: 1569685969140
  logout: 1569682594344
  lastteleport: 1569683743451
ipAddress: 69.174.136.197
logoutlocation:
  world: world_the_end
  x: -2639.254063081854
  y: 59.0
  z: -1267.7616897371643
  yaw: 333.45526
  pitch: 74.554276
lastlocation:
  world: world
  x: -771.3898959516923
  y: 175.0
  z: -525.1315081716996
  yaw: 115.66294
  pitch: 13.07494
afk: false
