lastAccountName: crazylucydog
timestamps:
  login: 1569269801993
  logout: 1569270695100
  lastteleport: 1569270138783
ipAddress: 128.210.106.65
logoutlocation:
  world: world
  x: -55.60771179762013
  y: 66.0
  z: 68.90306162698059
  yaw: -152.89435
  pitch: 37.55965
lastlocation:
  world: world
  x: -56.685092872195035
  y: 69.0
  z: 69.75251973860055
  yaw: -256.45963
  pitch: 32.38402
