lastAccountName: Hugh_Jass_Bass
timestamps:
  login: 1569303519345
  logout: 1569304968517
ipAddress: 162.221.223.18
logoutlocation:
  world: world
  x: 210.66514973866904
  y: 68.0
  z: -0.6999999880790709
  yaw: 272.5536
  pitch: -9.899955
