lastAccountName: rookie1288
timestamps:
  login: 1569547790724
  lastteleport: 1569549125597
  logout: 1569550883353
ipAddress: 69.174.166.85
lastlocation:
  world: world
  x: 675.1565368324478
  y: 16.0
  z: 262.6405784208679
  yaw: -289.1277
  pitch: 10.502704
afk: false
logoutlocation:
  world: world
  x: 665.5547571497214
  y: 79.0
  z: 539.8158853803634
  yaw: 207.20605
  pitch: 21.899866
