lastAccountName: brito_0
timestamps:
  login: 1569629127499
  logout: 1569632879094
ipAddress: 177.248.206.113
logoutlocation:
  world: world
  x: 287.41461807032925
  y: 61.04999144376052
  z: -334.37321506537
  yaw: -190.58687
  pitch: 26.099936
lastlocation:
  world: world
  x: -536.1278895745365
  y: 70.0
  z: 1042.5332661075518
  yaw: -164.22717
  pitch: 7.6512637
