lastAccountName: brito_0
timestamps:
  login: 1569548320382
  logout: 1569550215806
ipAddress: 177.248.194.49
logoutlocation:
  world: world
  x: -185.5
  y: 72.0999984741211
  z: 144.5
  yaw: 0.0
  pitch: 0.0
lastlocation:
  world: world
  x: -536.1278895745365
  y: 70.0
  z: 1042.5332661075518
  yaw: -164.22717
  pitch: 7.6512637
