lastAccountName: BenTheBoss
timestamps:
  login: 1569558109978
  logout: 1569561382092
ipAddress: 173.230.6.16
logoutlocation:
  world: world
  x: -378.82535813882106
  y: 6.0
  z: 346.46076799312914
  yaw: -330.31958
  pitch: 80.90245
afk: false
