lastAccountName: dboehm98
timestamps:
  login: 1569610778608
  logout: 1569610812950
ipAddress: 162.211.34.239
logoutlocation:
  world: world
  x: -702.5946346074893
  y: 10.0
  z: 597.7222631225313
  yaw: -89.47287
  pitch: 11.550071
