lastAccountName: Cloveh
timestamps:
  login: 1569685821863
  logout: 1569616630810
  lastteleport: 1569615982564
ipAddress: 128.211.223.76
logoutlocation:
  world: world
  x: -888.9463330143119
  y: 106.0
  z: 890.7578697104988
  yaw: -107.85179
  pitch: 13.199847
lastlocation:
  world: world_the_end
  x: -3560.5
  y: -159.08602123600315
  z: -1975.5
  yaw: 196.79936
  pitch: -24.235872
afk: false
homes:
  home:
    world: world
    x: -892.198218836953
    y: 106.0
    z: 891.5069893396372
    yaw: -268.95166
    pitch: 13.199846
money: '128000.0'
