lastAccountName: Cloveh
timestamps:
  login: 1569615443858
  logout: 1569616630810
  lastteleport: 1569615982564
ipAddress: 128.210.106.57
logoutlocation:
  world: world
  x: -888.9463330143119
  y: 106.0
  z: 890.7578697104988
  yaw: -107.85179
  pitch: 13.199847
lastlocation:
  world: world
  x: -686.153869920885
  y: 85.0593805229207
  z: 673.3807141625676
  yaw: 274.1958
  pitch: -12.910394
afk: false
homes:
  home:
    world: world
    x: -892.198218836953
    y: 106.0
    z: 891.5069893396372
    yaw: -268.95166
    pitch: 13.199846
money: '128000.0'
