lastAccountName: Cloveh
timestamps:
  login: 1569686785960
  logout: 1569686864281
  lastteleport: 1569615982564
ipAddress: 128.211.223.76
logoutlocation:
  world: world
  x: -918.8821125816601
  y: 63.0
  z: 885.1679321270661
  yaw: -32.40395
  pitch: 15.300018
lastlocation:
  world: world_the_end
  x: -3560.5
  y: -159.08602123600315
  z: -1975.5
  yaw: 196.79936
  pitch: -24.235872
afk: false
homes:
  home:
    world: world
    x: -892.198218836953
    y: 106.0
    z: 891.5069893396372
    yaw: -268.95166
    pitch: 13.199846
money: '128000.0'
