lastAccountName: DavidNGus
timestamps:
  login: 1569277120996
  logout: 1569282015982
ipAddress: 69.174.136.180
logoutlocation:
  world: world
  x: -111.77054556279701
  y: 71.0
  z: 559.7156235422718
  yaw: -166.91162
  pitch: 1.0713366
