lastAccountName: foehner7
timestamps:
  login: 1569280393242
  logout: 1569281218070
ipAddress: 69.174.136.180
logoutlocation:
  world: world
  x: -110.02034706887758
  y: 71.5625
  z: 558.6657481737636
  yaw: -239.9563
  pitch: 31.95001
