lastAccountName: zman441
timestamps:
  login: 1569299964235
  logout: 1569300177555
ipAddress: 128.211.225.248
logoutlocation:
  world: world
  x: -282.98623221680657
  y: 69.0
  z: -283.98473775290364
  yaw: -128.1034
  pitch: 18.450314
