lastAccountName: thick_tim
timestamps:
  login: 1569294072766
  logout: 1569294752516
  lastteleport: 1569294214655
ipAddress: 199.168.74.48
logoutlocation:
  world: world
  x: -199.99954961180205
  y: 91.0
  z: -264.6068900184582
  yaw: -56.645508
  pitch: 6.371826
lastlocation:
  world: world
  x: -307.36090558280296
  y: 75.0
  z: 289.5305728431825
  yaw: -4.7392907
  pitch: -90.0
