lastAccountName: ClamPizza
timestamps:
  login: 1569474131447
  logout: 1569474587590
ipAddress: 162.221.223.18
logoutlocation:
  world: world
  x: -706.9676806915086
  y: 80.0
  z: 661.6852989582518
  yaw: -14.131585
  pitch: 13.799817
