lastAccountName: WAZANATOR39
timestamps:
  login: 1569297074269
  logout: 1569297679732
ipAddress: 162.211.34.239
logoutlocation:
  world: world
  x: -406.33313560225776
  y: 70.1875
  z: -16.514625060379927
  yaw: -78.59901
  pitch: 60.149742
