lastAccountName: Sanjafarmer
timestamps:
  login: 1569615217962
  logout: 1569615448769
  lastteleport: 1569545460166
ipAddress: 162.211.34.141
logoutlocation:
  world: world
  x: -214.24043934543695
  y: 96.0
  z: -263.9604921473139
  yaw: 81.44724
  pitch: 23.700617
lastlocation:
  world: world
  x: -204.05212384803596
  y: 64.12499999530614
  z: -272.006840957037
  yaw: 14.547234
  pitch: 37.350613
