lastAccountName: Sanjafarmer
timestamps:
  login: 1569545801270
  logout: 1569546759849
  lastteleport: 1569545460166
ipAddress: 162.211.34.141
logoutlocation:
  world: world
  x: -205.76319111259735
  y: 91.0
  z: -278.90692262239173
  yaw: -189.45273
  pitch: 24.150614
lastlocation:
  world: world_nether
  x: 141.69999998807907
  y: 76.0
  z: 188.9140219416354
  yaw: -172.96631
  pitch: 1.800037
