lastAccountName: miningmonkey582
timestamps:
  login: 1569377154157
  logout: 1569379236519
ipAddress: 128.211.185.210
logoutlocation:
  world: world
  x: -400.69999998807907
  y: 64.0
  z: 23.31020151109498
  yaw: 359.09473
  pitch: 10.049984
