world: world
x: -883.5760528663676
y: 78.875
z: 882.0038684787314
yaw: -359.99918
pitch: 16.799805
name: fishing
lastowner: 9500ec7e-7253-4127-b86b-9442971ea1de
