world: world
x: -762.3000000119209
y: 91.0
z: 832.1404272806252
yaw: 125.11435
pitch: 42.299896
name: mine
lastowner: 9500ec7e-7253-4127-b86b-9442971ea1de
