world: world
x: 1088.906634272054
y: 65.0
z: 869.0515918807012
yaw: -94.500374
pitch: 26.399746
name: Shipwreck
lastowner: 9500ec7e-7253-4127-b86b-9442971ea1de
